=== PREHLAD RIESENIA - Uloha 1 - klasicka uloha o batohu ===
Pocet predmetov n = 500, limit r = 150, kapacita K = 10000

>> Konstrukcne riesenie po heuristike H11

Sucet cien predmetov: 7590
Pocet vybranych predmetov: 150
Sucet hmotnosti: 3081
Trvanie vypoctu: 8 ms
Kontrola obmedzeni: vyhovuje

>> Riesenie po vymennom zlepseni - first admissible

Sucet cien predmetov: 12170
Pocet vybranych predmetov: 150
Sucet hmotnosti: 6691
Trvanie vypoctu: 169 ms
Kontrola obmedzeni: vyhovuje

--- Strucne porovnanie ---
Ucelova funkcia po konstrukcii: 7590
Ucelova funkcia po vymene: 12170
Rozdiel po zlepseni: 4580

--- Vybrane indexy predmetov ---
Po vsuvacej heuristike: [2, 9, 11, 12, 17, 19, 20, 21, 26, 28, 34, 42, 43, 44, 46, 48, 50, 53, 54, 55, 58, 61, 65, 67, 69, 71, 72, 75, 78, 86, 88, 91, 92, 94, 100, 101, 109, 112, 115, 124, 130, 131, 136, 140, 156, 158, 159, 162, 163, 165, 166, 169, 170, 172, 173, 174, 177, 181, 194, 195, 199, 200, 204, 214, 222, 225, 230, 232, 233, 234, 236, 237, 240, 242, 244, 248, 254, 257, 260, 261, 269, 270, 271, 272, 274, 276, 278, 285, 286, 289, 291, 294, 311, 312, 314, 317, 321, 323, 325, 334, 342, 343, 344, 347, 354, 355, 357, 358, 360, 375, 377, 379, 382, 383, 394, 395, 396, 398, 403, 404, 409, 410, 414, 418, 423, 427, 428, 430, 431, 438, 440, 443, 446, 448, 451, 453, 456, 457, 459, 460, 464, 467, 468, 471, 472, 476, 485, 488, 489, 500]
Po vymennej heuristike: [1, 2, 5, 10, 13, 15, 19, 20, 21, 23, 28, 35, 36, 37, 40, 41, 43, 45, 46, 49, 55, 60, 61, 68, 70, 73, 78, 80, 84, 86, 87, 88, 90, 95, 96, 104, 106, 107, 119, 120, 121, 122, 123, 127, 137, 140, 141, 144, 146, 149, 150, 151, 152, 154, 158, 163, 164, 165, 168, 169, 173, 179, 182, 184, 185, 190, 195, 199, 201, 202, 206, 212, 220, 233, 238, 243, 246, 247, 248, 249, 250, 253, 254, 255, 257, 259, 262, 263, 267, 268, 269, 271, 272, 273, 274, 275, 276, 282, 284, 286, 289, 291, 293, 294, 295, 301, 303, 305, 316, 321, 323, 324, 331, 334, 341, 352, 355, 358, 365, 368, 369, 370, 372, 379, 380, 382, 387, 393, 402, 406, 409, 410, 412, 414, 416, 419, 423, 425, 427, 428, 457, 458, 460, 464, 469, 470, 476, 482, 486, 489]
